2.65 9.969,
                          2.8 9.969,
                          3 9.969,
                          3.15 9.968,
                          3.35 9.968,
                          3.55 9.967,
                          3.75 9.966,
                          4 9.963,
                          4.25 9.96,
                          4.5 9.956,
                          4.75 9.951,
                          5 9.944,
                          5.3 9.934,
                          5.6 9.922,
                          6 9.902,
                          6.3 9.883,
                          6.7 9.853,
                          7.1 9.817,
                          7.5 9.776,
                          8 9.717,
                          8.5 9.649,
                          9 9.573,
                          9.5 9.489,
                          10 9.399,
                          10.6 9.283,
                          11.2 9.161,
                          11.8 9.034,
                          12.5 8.882,
                          13.2 8.726,
                          14 8.547,
                          15 8.324,
                          16 8.105,
                          17 7.892,
                          18 7.687,
                          19 7.49,
                          20 7.303,
                          21.2 7.09,
                          22.4 6.889,
                          23.6 6.7,
                          25 6.492,
                          26.5 6.284,
                          28 6.088,
                          30 5.845,
                          31.5 5.673,
                          33.5 5.457,
                          35.5 5.254,
                          37.5 5.062,
                          40 4.837,
                          42.5 4.624,
                          45 4.424,
                          47.5 4.235,
                          50 4.056,
                          53 3.852,
                          56 3.661,
                          60 3.423,
                          63 3.256,
                          67 3.049,
                          71 2.858,
                          75 2.683,
                          80 2.485,
                          85 2.308,
                          90 2.151,
                          95 2.013,
                          100 1.892,
                          106 1.767,
                          112 1.661,
                          118 1.572,
                          125 1.486,
                          132 1.416,
                          140 1.35,
                          150 1.284,
                          160 1.231,
                          170 1.186,
                          180 1.147,
                          190 1.11,
                          200 1.074,
                          212 1.032,
                          224 0.991,
                          236 0.949,
                          250 0.901,
                          265 0.85,
                          280 0.8,
                          300 0.736,
                          315 0.689,
                          335 0.629,
                          355 0.571,
                          375 0.517,
                          400 0.452,
                          425 0.391,
                          450 0.334,
                          475 0.28,
                          500 0.229,
                          530 0.174,
                          560 0.125,
                          600 0.071,
                          630 0.042,
                          670 0.016,
                          710 0.002,
                          750 -0.005,
                          800 -0.009,
                          850 -0.011,
                          900 -0.011,
                          950 -0.011,
                          1000 -0.011,
                          1060 -0.011,
                          1120 -0.011,
                          1180 -0.012,
                          1250 -0.012,
                          1320 -0.012,
                          1400 -0.012,
                          1500 -0.012,
                          1600 -0.012,
                          1700 -0.012,
                          1800 -0.012,
                          1900 -0.012,
                          2000 -0.012,
                          2120 -0.012,
                          2240 -0.012,
                          2360 -0.012,
                          2500 -0.012,
                          2650 -0.012,
                          2800 -0.012,
                          3000 -0.013,
                          3150 -0.014,
                          3350 -0.017,
                          3550 -0.024,
                          3750 -0.036,
                          4000 -0.062,
                          4250 -0.098,
                          4500 -0.142,
                          4750 -0.19,
                          5000 -0.238,
                          5300 -0.295,
                          5600 -0.35,
                          6000 -0.419,
                          6300 -0.468,
                          6700 -0.53,
                          7100 -0.589,
                          7500 -0.644,
                          8000 -0.71,
                          8500 -0.771,
                          9000 -0.828,
                          9500 -0.883,
                          10000 -0.935,
                          10600 -0.994,
                          11200 -1.049,
                          11800 -1.102,
                          12500 -1.16,
                          13200 -1.215,
                          14000 -1.275,
                          15000 -1.344,
                          16000 -1.409,
                          17000 -1.47,
                          18000 -1.527,
                          19000 -1.579,
                          20000 -1.625,
                          21200 -1.672,
                          22400 -1.705,
                          23600 -1.721