 2.85 5.225,
                        3 5.225,
                        3.15 5.225,
                        3.35 5.225,
                        3.55 5.225,
                        3.75 5.225,
                        4 5.225,
                        4.25 5.225,
                        4.5 5.225,
                        4.75 5.225,
                        5 5.225,
                        5.3 5.225,
                        5.6 5.225,
                        6 5.225,
                        6.3 5.225,
                        6.7 5.225,
                        7.1 5.225,
                        7.5 5.225,
                        8 5.225,
                        8.5 5.225,
                        9 5.225,
                        9.5 5.225,
                        10 5.225,
                        10.6 5.225,
                        11.2 5.225,
                        11.8 5.225,
                        12.5 5.225,
                        13.2 5.225,
                        14 5.225,
                        15 5.225,
                        16 5.225,
                        17 5.225,
                        18 5.225,
                        19 5.225,
                        20 5.223,
                        21.200001 5.221,
                        22.4 5.219,
                        23.6 5.217,
                        25 5.216,
                        26.5 5.214,
                        28 5.209,
                        30 5.2,
                        31.5 5.191,
                        33.5 5.176,
                        35.5 5.156,
                        37.5 5.133,
                        40 5.098,
                        42.5 5.057,
                        45 5.012,
                        47.5 4.96,
                        50 4.903,
                        53 4.829,
                        56 4.748,
                        60 4.632,
                        63 4.538,
                        67 4.407,
                        71 4.27,
                        75 4.13,
                        80 3.95,
                        85 3.768,
                        90 3.587,
                        95 3.408,
                        100 3.233,
                        106 3.028,
                        112 2.831,
                        118 2.645,
                        125 2.443,
                        132 2.256,
                        140 2.062,
                        150 1.848,
                        160 1.661,
                        170 1.499,
                        180 1.359,
                        190 1.237,
                        200 1.133,
                        212 1.024,
                        224 0.932,
                        236 0.853,
                        250 0.774,
                        265 0.702,
                        280 0.64,
                        300 0.57,
                        315 0.524,
                        335 0.47,
                        355 0.422,
                        375 0.379,
                        400 0.33,
                        425 0.285,
                        450 0.243,
                        475 0.205,
                        500 0.168,
                        530 0.127,
                        560 0.087,
                        600 0.037,
                        630 0.002,
                        670 -0.043,
                        710 -0.086,
                        750 -0.126,
                        800 -0.175,
                        850 -0.221,
                        900 -0.265,
                        950 -0.307,
                        1000 -0.348,
                        1060 -0.394,
                        1120 -0.438,
                        1180 -0.48,
                        1250 -0.527,
                        1320 -0.572,
                        1400 -0.62,
                        1500 -0.677,
                        1600 -0.729,
                        1700 -0.776,
                        1800 -0.818,
                        1900 -0.851,
                        2000 -0.878,
                        2120 -0.904,
                        2240 -0.927,
                        2360 -0.948,
                        2500 -0.971,
                        2650 -0.995,
                        2800 -1.017,
                        3000 -1.044,
                        3150 -1.063,
                        3350 -1.086,
                        3550 -1.108,
                        3750 -1.129,
                        4000 -1.156,
                        4250 -1.182,
                        4500 -1.209,
                        4750 -1.239,
                        5000 -1.272,
                        5300 -1.313,
                        5600 -1.353,
                        6000 -1.404,
                        6300 -1.44,
                        6700 -1.485,
                        7100 -1.527,
                        7500 -1.566,
                        8000 -1.611,
                        8500 -1.649,
                        9000 -1.68,
                        9500 -1.704,
                        10000 -1.724,
                        10600 -1.746,
                        11200 -1.762,
                        11800 -1.776,
                        12500 -1.79,
                        13200 -1.803,
                        14000 -1.816,
                        15000 -1.829,
                        16000 -1.841,
                        17000 -1.85,
                        18000 -1.857,
                        19000 -1.863,
                        20000 -1.868,
                        21200 -1.873,
                        22400 -1.878,
                        23600 -1.883