2.518116 6.914
2.536363 6.914
2.554743 6.914
2.573256 6.914
2.591902 6.914
2.610684 6.914
2.629603 6.914
2.648658 6.914
2.667851 6.914
2.687183 6.914
2.706656 6.914
2.726269 6.914
2.746025 6.914
2.765924 6.914
2.785967 6.914
2.806155 6.914
2.826490 6.914
2.846972 6.914
2.867602 6.914
2.888382 6.914
2.909312 6.914
2.930394 6.914
2.951629 6.914
2.973018 6.914
2.994561 6.914
3.016261 6.914
3.038118 6.914
3.060134 6.914
3.082309 6.914
3.104644 6.914
3.127142 6.914
3.149803 6.914
3.172627 6.914
3.195618 6.914
3.218774 6.914
3.242099 6.914
3.265592 6.914
3.289256 6.914
3.313092 6.914
3.337100 6.914
3.361282 6.914
3.385639 6.914
3.410173 6.914
3.434884 6.914
3.459775 6.914
3.484846 6.914
3.510098 6.914
3.535534 6.914
3.561154 6.914
3.586959 6.914
3.612952 6.914
3.639133 6.914
3.665504 6.914
3.692065 6.914
3.718820 6.914
3.745768 6.914
3.772911 6.914
3.800251 6.914
3.827789 6.914
3.855527 6.914
3.883466 6.914
3.911607 6.914
3.939952 6.914
3.968503 6.914
3.997260 6.914
4.026226 6.914
4.055401 6.914
4.084789 6.914
4.114389 6.914
4.144203 6.914
4.174234 6.914
4.204482 6.914
4.234949 6.914
4.265638 6.914
4.296548 6.914
4.327683 6.914
4.359043 6.914
4.390630 6.914
4.422447 6.914
4.454494 6.914
4.486773 6.914
4.519286 6.914
4.552034 6.914
4.585020 6.914
4.618245 6.914
4.651711 6.914
4.685419 6.914
4.719372 6.914
4.753570 6.914
4.788016 6.914
4.822712 6.914
4.857660 6.914
4.892860 6.914
4.928316 6.914
4.964029 6.914
5.000000 6.914
5.036232 6.914
5.072727 6.914
5.109486 6.914
5.146511 6.914
5.183805 6.914
5.221369 6.914
5.259205 6.914
5.297315 6.914
5.335702 6.914
5.374367 6.914
5.413312 6.914
5.452539 6.914
5.492050 6.914
5.531848 6.914
5.571934 6.914
5.612310 6.914
5.652979 6.914
5.693943 6.914
5.735204 6.914
5.776763 6.914
5.818624 6.914
5.860788 6.914
5.903258 6.914
5.946035 6.914
5.989123 6.914
6.032523 6.914
6.076237 6.914
6.120268 6.914
6.164618 6.914
6.209289 6.914
6.254284 6.914
6.299605 6.914
6.345255 6.914
6.391235 6.914
6.437549 6.914
6.484198 6.914
6.531185 6.914
6.578513 6.914
6.626183 6.914
6.674199 6.914
6.722563 6.914
6.771278 6.914
6.820345 6.914
6.869768 6.914
6.919549 6.914
6.969691 6.914
7.020196 6.914
7.071068 6.914
7.122308 6.914
7.173919 6.914
7.225904 6.914
7.278266 6.914
7.331007 6.914
7.384131 6.914
7.437639 6.914
7.491535 6.914
7.545822 6.914
7.600502 6.914
7.655579 6.914
7.711054 6.914
7.766932 6.914
7.823214 6.914
7.879904 6.914
7.937005 6.914
7.994520 6.914
8.052452 6.914
8.110803 6.914
8.169577 6.914
8.228777 6.914
8.288406 6.914
8.348468 6.914
8.408964 6.914
8.469899 6.914
8.531275 6.914
8.593096 6.914
8.655365 6.914
8.718086 6.914
8.781261 6.914
8.844893 6.914
8.908987 6.914
8.973545 6.914
9.038571 6.914
9.104068 6.914
9.170040 6.914
9.236490 6.914
9.303422 6.914
9.370838 6.914
9.438743 6.914
9.507140 6.914
9.576033 6.914
9.645425 6.914
9.715319 6.914
9.785720 6.914
9.856632 6.914
9.928057 6.914
10.000000 6.914
10.072464 6.914
10.145453 6.914
10.218971 6.914
10.293022 6.914
10.367610 6.914
10.442738 6.914
10.518410 6.914
10.594631 6.914
10.671404 6.914
10.748733 6.914
10.826623 6.914
10.905077 6.914
10.984100 6.914
11.063695 6.914
11.143867 6.914
11.224620 6.914
11.305959 6.914
11.387886 6.914
11.470408 6.914
11.553527 6.914
11.637248 6.914
11.721577 6.914
11.806516 6.914
11.892071 6.914
11.978246 6.914
12.065045 6.914
12.152473 6.914
12.240535 6.914
12.329235 6.914
12.418578 6.914
12.508568 6.914
12.599210 6.914
12.690509 6.914
12.782470 6.914
12.875097 6.914
12.968395 6.914
13.062370 6.914
13.157025 6.914
13.252366 6.914
13.348398 6.914
13.445126 6.914
13.542555 6.914
13.640690 6.914
13.739536 6.914
13.839099 6.914
13.939382 6.914
14.040393 6.914
14.142135 6.914
14.244615 6.914
14.347838 6.914
14.451808 6.914
14.556532 6.914
14.662014 6.914
14.768261 6.914
14.875278 6.914
14.983071 6.914
15.091644 6.914
15.201004 6.914
15.311157 6.914
15.422108 6.914
15.533863 6.914
15.646428 6.914
15.759808 6.914
15.874010 6.914
15.989040 6.914
16.104903 6.914
16.221606 6.914
16.339154 6.914
16.457555 6.914
16.576813 6.914
16.696935 6.914
16.817928 6.914
16.939798 6.914
17.062550 6.914
17.186193 6.914
17.310731 6.914
17.436172 6.914
17.562521 6.914
17.689787 6.914
17.817974 6.914
17.947091 6.914
18.077143 6.914
18.208137 6.914
18.340081 6.914
18.472980 6.914
18.606843 6.914
18.741676 6.914
18.877486 6.914
19.014280 6.914
19.152065 6.914
19.290849 6.914
19.430639 6.914
19.571441 6.914
19.713264 6.914
19.856114 6.914
20.000000 6.914
20.144928 6.915
20.290906 6.915
20.437943 6.915
20.586044 6.915
20.735219 6.916
20.885475 6.916
21.036820 6.916
21.189262 6.917
21.342808 6.917
21.497467 6.917
21.653246 6.917
21.810154 6.917
21.968200 6.918
22.127390 6.918
22.287735 6.918
22.449241 6.918
22.611917 6.919
22.775772 6.919
22.940815 6.919
23.107054 6.919
23.274497 6.919
23.443153 6.919
23.613032 6.919
23.784142 6.920
23.956492 6.920
24.130090 6.920
24.304947 6.920
24.481071 6.920
24.658470 6.920
24.837156 6.920
25.017136 6.920
25.198421 6.920
25.381019 6.920
25.564940 6.920
25.750194 6.919
25.936791 6.919
26.124739 6.919
26.314050 6.919
26.504733 6.919
26.696797 6.918
26.890253 6.918
27.085111 6.918
27.281380 6.917
27.479073 6.917
27.678197 6.916
27.878765 6.916
28.080786 6.915
28.284271 6.914
28.489230 6.914
28.695675 6.913
28.903616 6.912
29.113063 6.911
29.324029 6.910
29.536523 6.909
29.750556 6.908
29.966141 6.907
30.183288 6.906
30.402009 6.904
30.622314 6.903
30.844216 6.902
31.067726 6.900
31.292856 6.899
31.519616 6.897
31.748021 6.895
31.978080 6.893
32.209806 6.891
32.443212 6.889
32.678309 6.887
32.915109 6.885
33.153626 6.883
33.393870 6.881
33.635856 6.879
33.879595 6.876
34.125101 6.873
34.372386 6.870
34.621462 6.868
34.872343 6.865
35.125043 6.862
35.379573 6.858
35.635948 6.855
35.894181 6.852
36.154285 6.849
36.416274 6.845
36.680161 6.841
36.945961 6.837
37.213686 6.833
37.483352 6.829
37.754972 6.825
38.028560 6.821
38.304131 6.816
38.581698 6.811
38.861277 6.806
39.142882 6.801
39.426527 6.796
39.712228 6.791
39.999999 6.786
40.289856 6.780
40.581813 6.775
40.875885 6.769
41.172089 6.763
41.470439 6.757
41.770951 6.751
42.073640 6.744
42.378523 6.737
42.685615 6.730
42.994933 6.723
43.306492 6.716
43.620309 6.709
43.936399 6.702
44.254781 6.694
44.575469 6.686
44.898481 6.678
45.223834 6.670
45.551545 6.662
45.881630 6.653
46.214107 6.644
46.548994 6.635
46.886307 6.626
47.226064 6.617
47.568284 6.607
47.912983 6.597
48.260181 6.587
48.609894 6.577
48.962141 6.567
49.316941 6.556
49.674312 6.545
50.034272 6.534
50.396841 6.523
50.762038 6.512
51.129880 6.500
51.500388 6.488
51.873582 6.476
52.249479 6.464
52.628100 6.451
53.009465 6.438
53.393593 6.425
53.780505 6.412
54.170221 6.398
54.562761 6.384
54.958145 6.370
55.356395 6.356
55.757530 6.341
56.161572 6.326
56.568542 6.311
56.978461 6.296
57.391350 6.281
57.807232 6.265
58.226127 6.249
58.648057 6.232
59.073045 6.215
59.501113 6.198
59.932282 6.181
60.366576 6.164
60.804017 6.146
61.244628 6.128
61.688432 6.110
62.135452 6.091
62.585711 6.072
63.039233 6.053
63.496041 6.034
63.956160 6.014
64.419612 5.994
64.886423 5.974
65.356617 5.953
65.830218 5.932
66.307251 5.911
66.787741 5.890
67.271712 5.868
67.759191 5.846
68.250202 5.824
68.744771 5.801
69.242924 5.778
69.744687 5.755
70.250085 5.732
70.759147 5.708
71.271897 5.684
71.788362 5.660
72.308570 5.635
72.832548 5.610
73.360322 5.585
73.891922 5.559
74.427373 5.533
74.966704 5.507
75.509944 5.481
76.057120 5.454
76.608261 5.427
77.163396 5.400
77.722554 5.373
78.285764 5.345
78.853055 5.317
79.424457 5.289
79.999999 5.260
80.579712 5.231
81.163626 5.202
81.751771 5.172
82.344178 5.142
82.940878 5.112
83.541901 5.082
84.147281 5.051
84.757046 5.020
85.371231 4.989
85.989866 4.958
86.612984 4.927
87.240617 4.895
87.872799 4.863
88.509561 4.831
89.150938 4.798
89.796963 4.765
90.447668 4.732
91.103090 4.699
91.763260 4.665
92.428215 4.631
93.097987 4.598
93.772614 4.563
94.452129 4.529
95.136568 4.494
95.825967 4.460
96.520361 4.425
97.219788 4.389
97.924282 4.354
98.633882 4.319
99.348624 4.283
100.068545 4.247
100.793683 4.211
101.524075 4.175
102.259761 4.139
103.000777 4.102
103.747163 4.066
104.498958 4.029
105.256200 3.993
106.018930 3.956
106.787187 3.919
107.561011 3.881
108.340442 3.844
109.125522 3.806
109.916290 3.769
110.712789 3.731
111.515060 3.694
112.323144 3.656
113.137083 3.619
113.956921 3.581
114.782700 3.543
115.614463 3.505
116.452253 3.468
117.296114 3.430
118.146090 3.392
119.002225 3.354
119.864565 3.316
120.733153 3.278
121.608035 3.240
122.489257 3.202
123.376864 3.164
124.270904 3.126
125.171422 3.087
126.078466 3.043
126.992082 2.998
127.912319 2.953
128.839225 2.910
129.772847 2.867
130.713235 2.824
131.660437 2.782
132.614502 2.741
133.575482 2.701
134.543425 2.662
135.518382 2.623
136.500404 2.585
137.489542 2.548
138.485848 2.511
139.489373 2.475
140.500171 2.440
141.518293 2.405
142.543793 2.371
143.576724 2.338
144.617140 2.305
145.665096 2.273
146.720645 2.241
147.783843 2.210
148.854746 2.180
149.933409 2.150
151.019888 2.121
152.114240 2.092
153.216523 2.064
154.326793 2.036
155.445109 2.009
156.571528 1.982
157.706110 1.956
158.848913 1.930
159.999998 1.905
161.159424 1.881
162.327251 1.859
163.503542 1.840
164.688356 1.821
165.881755 1.802
167.083803 1.784
168.294561 1.767
169.514093 1.751
170.742462 1.734
171.979732 1.719
173.225968 1.703
174.481235 1.689
175.745598 1.675
177.019123 1.661
178.301876 1.647
179.593925 1.634
180.895337 1.622
182.206179 1.609
183.526520 1.597
184.856429 1.586
186.195975 1.574
187.545228 1.563
188.904258 1.552
190.273136 1.542
191.651933 1.531
193.040722 1.521
194.439575 1.511
195.848564 1.501
197.267764 1.490
198.697247 1.480
200.137089 1.465
201.587365 1.450
203.048150 1.435
204.519521 1.421
206.001554 1.408
207.494326 1.395
208.997915 1.382
210.512400 1.369
212.037860 1.355
213.574374 1.342
215.122022 1.328
216.680885 1.315
218.251044 1.301
219.832581 1.287
221.425578 1.273
223.030119 1.259
224.646287 1.245
226.274167 1.231
227.913843 1.216
229.565401 1.202
231.228926 1.187
232.904506 1.172
234.592228 1.158
236.292180 1.143
238.004451 1.128
239.729129 1.113
241.466305 1.097
243.216070 1.082
244.978514 1.067
246.753729 1.051
248.541808 1.035
250.342844 1.020
252.156932 1.004
253.984165 0.990
255.824639 0.980
257.678450 0.973
259.545694 0.966
261.426469 0.960
263.320873 0.953
265.229005 0.946
267.150963 0.940
269.086849 0.933
271.036764 0.926
273.000808 0.919
274.979084 0.912
276.971696 0.905
278.978747 0.898
281.000342 0.891
283.036586 0.884
285.087586 0.877
287.153448 0.870
289.234280 0.863
291.330191 0.855
293.441290 0.848
295.567687 0.840
297.709492 0.833
299.866817 0.825
302.039776 0.818
304.228481 0.810
306.433046 0.803
308.653586 0.795
310.890217 0.787
313.143056 0.779
315.412219 0.771
317.697826 0.764
319.999996 0.757
322.318848 0.753
324.654503 0.750
327.007083 0.746
329.376711 0.743
331.763511 0.740
334.167606 0.736
336.589122 0.733
339.028186 0.730
341.484924 0.726
343.959464 0.723
346.451936 0.719
348.962470 0.716
351.491196 0.712
354.038246 0.709
356.603753 0.705
359.187851 0.702
361.790674 0.698
364.412358 0.694
367.053040 0.691
369.712858 0.687
372.391950 0.683
375.090455 0.679
377.808516 0.676
380.546272 0.672
383.303867 0.668
386.081445 0.664
388.879150 0.660
391.697129 0.656
394.535528 0.652
397.394495 0.649
400.274179 0.645
403.174731 0.641
406.096301 0.638
409.039042 0.634
412.003108 0.631
414.988652 0.628
417.995831 0.625
421.024801 0.621
424.075720 0.618
427.148748 0.614
430.244044 0.611
433.361769 0.608
436.502087 0.604
439.665161 0.601
442.851156 0.597
446.060238 0.594
449.292575 0.590
452.548334 0.586
455.827686 0.583
459.130801 0.579
462.457852 0.575
465.809012 0.572
469.184456 0.568
472.584360 0.564
476.008902 0.560
479.458258 0.557
482.932610 0.553
486.432139 0.549
489.957027 0.545
493.507458 0.541
497.083616 0.537
500.685689 0.533
504.313864 0.529
507.968330 0.526
511.649278 0.522
515.356899 0.518
519.091388 0.515
522.852938 0.511
526.641746 0.507
530.458009 0.503
534.301927 0.500
538.173699 0.496
542.073527 0.492
546.001615 0.488
549.958168 0.484
553.943392 0.480
557.957494 0.476
562.000684 0.473
566.073173 0.469
570.175172 0.464
574.306896 0.460
578.468561 0.456
582.660383 0.452
586.882580 0.448
591.135373 0.444
595.418984 0.440
599.733635 0.435
604.079552 0.431
608.456962 0.427
612.866092 0.423
617.307172 0.418
621.780434 0.414
626.286111 0.409
630.824439 0.405
635.395653 0.399
639.999992 0.394
644.637695 0.389
649.309006 0.383
654.014167 0.378
658.753423 0.373
663.527022 0.367
668.335212 0.361
673.178244 0.356
678.056371 0.350
682.969847 0.345
687.918928 0.339
692.903873 0.333
697.924940 0.327
702.982392 0.322
708.076492 0.316
713.207506 0.310
718.375701 0.304
723.581348 0.298
728.824717 0.292
734.106081 0.286
739.425716 0.280
744.783900 0.273
750.180911 0.267
755.617031 0.261
761.092544 0.255
766.607734 0.248
772.162890 0.242
777.758300 0.235
783.394257 0.229
789.071055 0.222
794.788989 0.216
800.548358 0.209
806.349461 0.203
812.192602 0.196
818.078084 0.190
824.006215 0.184
829.977304 0.178
835.991662 0.172
842.049602 0.165
848.151440 0.159
854.297495 0.153
860.488087 0.146
866.723539 0.140
873.004175 0.133
879.330323 0.127
885.702313 0.120
892.120477 0.113
898.585150 0.107
905.096668 0.100
911.655372 0.093
918.261602 0.086
924.915704 0.079
931.618025 0.072
938.368913 0.065
945.168721 0.058
952.017803 0.051
958.916517 0.044
965.865221 0.037
972.864278 0.030
979.914054 0.022
987.014915 0.015
994.167232 0.007
1001.371378 0.000
1008.627728 -0.008
1015.936660 -0.015
1023.298556 -0.023
1030.713799 -0.030
1038.182776 -0.038
1045.705876 -0.045
1053.283492 -0.051
1060.916018 -0.057
1068.603853 -0.064
1076.347397 -0.070
1084.147054 -0.077
1092.003231 -0.083
1099.916336 -0.089
1107.886783 -0.096
1115.914988 -0.103
1124.001368 -0.109
1132.146345 -0.116
1140.350344 -0.123
1148.613793 -0.130
1156.937122 -0.136
1165.320765 -0.143
1173.765160 -0.150
1182.270746 -0.157
1190.837967 -0.164
1199.467270 -0.171
1208.159104 -0.178
1216.913923 -0.186
1225.732183 -0.193
1234.614344 -0.200
1243.560868 -0.208
1252.572223 -0.215
1261.648878 -0.222
1270.791305 -0.230
1279.999983 -0.238
1289.275391 -0.245
1298.618012 -0.253
1308.028333 -0.261
1317.506846 -0.269
1327.054043 -0.277
1336.670424 -0.286
1346.356489 -0.295
1356.112743 -0.305
1365.939695 -0.314
1375.837857 -0.323
1385.807745 -0.332
1395.849879 -0.342
1405.964783 -0.351
1416.152983 -0.361
1426.415012 -0.371
1436.751403 -0.380
1447.162696 -0.390
1457.649433 -0.400
1468.212162 -0.410
1478.851432 -0.420
1489.567800 -0.430
1500.361822 -0.440
1511.234062 -0.450
1522.185087 -0.461
1533.215468 -0.471
1544.325779 -0.481
1555.516600 -0.492
1566.788515 -0.503
1578.142110 -0.513
1589.577978 -0.524
1601.096716 -0.535
1612.698923 -0.546
1624.385204 -0.557
1636.156169 -0.568
1648.012431 -0.579
1659.954608 -0.590
1671.983323 -0.601
1684.099204 -0.610
1696.302881 -0.618
1708.594991 -0.625
1720.976174 -0.632
1733.447077 -0.639
1746.008349 -0.646
1758.660646 -0.653
1771.404626 -0.660
1784.240954 -0.667
1797.170299 -0.674
1810.193336 -0.681
1823.310743 -0.688
1836.523204 -0.695
1849.831409 -0.703
1863.236049 -0.710
1876.737826 -0.717
1890.337442 -0.725
1904.035606 -0.732
1917.833033 -0.740
1931.730442 -0.747
1945.728557 -0.755
1959.828108 -0.763
1974.029830 -0.771
1988.334464 -0.778
2002.742756 -0.786
2017.255455 -0.794
2031.873320 -0.802
2046.597111 -0.810
2061.427598 -0.818
2076.365552 -0.827
2091.411753 -0.835
2106.566984 -0.842
2121.832037 -0.849
2137.207707 -0.856
2152.694795 -0.862
2168.294109 -0.869
2184.006461 -0.876
2199.832673 -0.883
2215.773567 -0.890
2231.829976 -0.897
2248.002736 -0.904
2264.292690 -0.911
2280.700688 -0.919
2297.227586 -0.926
2313.874244 -0.933
2330.641530 -0.941
2347.530320 -0.948
2364.541492 -0.956
2381.675934 -0.963
2398.934540 -0.971
2416.318209 -0.978
2433.827846 -0.986
2451.464366 -0.994
2469.228688 -1.002
2487.121737 -1.009
2505.144446 -1.017
2523.297755 -1.025
2541.582611 -1.033
2559.999966 -1.041
2578.550781 -1.050
2597.236023 -1.058
2616.056666 -1.065
2635.013691 -1.072
2654.108086 -1.078
2673.340848 -1.084
2692.712978 -1.090
2712.225486 -1.096
2731.879390 -1.103
2751.675714 -1.109
2771.615490 -1.115
2791.699759 -1.121
2811.929566 -1.128
2832.305967 -1.134
2852.830023 -1.141
2873.502806 -1.147
2894.325392 -1.154
2915.298866 -1.160
2936.424324 -1.167
2957.702865 -1.174
2979.135599 -1.181
3000.723644 -1.187
3022.468124 -1.194
3044.370174 -1.201
3066.430935 -1.208
3088.651558 -1.215
3111.033200 -1.222
3133.577029 -1.229
3156.284220 -1.236
3179.155957 -1.244
3202.193432 -1.251
3225.397845 -1.258
3248.770408 -1.266
3272.312337 -1.273
3296.024861 -1.281
3319.909216 -1.288
3343.966647 -1.295
3368.198408 -1.302
3392.605762 -1.309
3417.189982 -1.316
3441.952349 -1.323
3466.894154 -1.329
3492.016699 -1.336
3517.321291 -1.343
3542.809251 -1.350
3568.481907 -1.357
3594.340598 -1.365
3620.386672 -1.372
3646.621486 -1.379
3673.046409 -1.386
3699.662817 -1.394
3726.472099 -1.401
3753.475652 -1.409
3780.674884 -1.416
3808.071212 -1.424
3835.666066 -1.431
3863.460884 -1.439
3891.457114 -1.447
3919.656216 -1.454
3948.059661 -1.462
3976.668929 -1.470
4005.485511 -1.478
4034.510910 -1.486
4063.746639 -1.494
4093.194223 -1.502
4122.855195 -1.510
4152.731104 -1.518
4182.823505 -1.523
4213.133968 -1.527
4243.664074 -1.531
4274.415413 -1.535
4305.389589 -1.538
4336.588217 -1.542
4368.012923 -1.546
4399.665345 -1.550
4431.547134 -1.554
4463.659951 -1.557
4496.005471 -1.561
4528.585380 -1.565
4561.401377 -1.569
4594.455171 -1.573
4627.748487 -1.577
4661.283061 -1.581
4695.060639 -1.585
4729.082984 -1.589
4763.351869 -1.593
4797.869080 -1.597
4832.636417 -1.602
4867.655693 -1.606
4902.928732 -1.610
4938.457375 -1.614
4974.243473 -1.619
5010.288892 -1.623
5046.595510 -1.627
5083.165222 -1.632
5119.999932 -1.636
5157.101563 -1.639
5194.472046 -1.643
5232.113332 -1.646
5270.027382 -1.650
5308.216173 -1.653
5346.681695 -1.657
5385.425955 -1.661
5424.450972 -1.664
5463.758779 -1.668
5503.351428 -1.672
5543.230981 -1.676
5583.399518 -1.679
5623.859132 -1.683
5664.611934 -1.687
5705.660047 -1.691
5747.005611 -1.695
5788.650783 -1.699
5830.597733 -1.702
5872.848648 -1.706
5915.405730 -1.710
5958.271198 -1.714
6001.447288 -1.718
6044.936249 -1.723
6088.740348 -1.727
6132.861871 -1.731
6177.303116 -1.735
6222.066401 -1.739
6267.154059 -1.743
6312.568441 -1.747
6358.311914 -1.751
6404.386863 -1.754
6450.795690 -1.757
6497.540815 -1.760
6544.624674 -1.763
6592.049722 -1.766
6639.818432 -1.769
6687.933294 -1.772
6736.396815 -1.775
6785.211523 -1.778
6834.379963 -1.781
6883.904698 -1.784
6933.788309 -1.787
6984.033397 -1.790
7034.642582 -1.794
7085.618502 -1.797
7136.963815 -1.800
7188.681196 -1.803
7240.773344 -1.807
7293.242972 -1.810
7346.092817 -1.813
7399.325634 -1.817
7452.944198 -1.820
7506.951304 -1.823
7561.349767 -1.827
7616.142425 -1.830
7671.332132 -1.834
7726.921767 -1.837
7782.914228 -1.841
7839.312432 -1.844
7896.119322 -1.848
7953.337857 -1.851
8010.971022 -1.855
8069.021820 -1.859
8127.493279 -1.863
8186.388445 -1.869
8245.710391 -1.875
8305.462207 -1.881
8365.647010 -1.887
8426.267937 -1.894
8487.328148 -1.900
8548.830826 -1.907
8610.779179 -1.913
8673.176434 -1.920
8736.025846 -1.926
8799.330690 -1.933
8863.094268 -1.940
8927.319902 -1.946
8992.010942 -1.953
9057.170760 -1.960
9122.802753 -1.967
9188.910343 -1.974
9255.496975 -1.981
9322.566121 -1.988
9390.121278 -1.995
9458.165968 -2.002
9526.703738 -2.009
9595.738160 -2.017
9665.272834 -2.024
9735.311385 -2.031
9805.857465 -2.039
9876.914750 -2.046
9948.486946 -2.054
10020.577783 -2.061
10093.191021 -2.069
10166.330444 -2.077
10239.999865 -2.085
10314.203125 -2.095
10388.944093 -2.106
10464.226664 -2.118
10540.054764 -2.130
10616.432346 -2.143
10693.363391 -2.155
10770.851910 -2.168
10848.901943 -2.180
10927.517559 -2.193
11006.702855 -2.206
11086.461962 -2.219
11166.799035 -2.232
11247.718264 -2.246
11329.223867 -2.259
11411.320094 -2.272
11494.011223 -2.286
11577.301566 -2.299
11661.195466 -2.313
11745.697295 -2.327
11830.811460 -2.341
11916.542397 -2.355
12002.894575 -2.369
12089.872497 -2.383
12177.480697 -2.397
12265.723742 -2.412
12354.606232 -2.426
12444.132802 -2.441
12534.308118 -2.455
12625.136882 -2.470
12716.623828 -2.485
12808.773726 -2.500
12901.591381 -2.517
12995.081630 -2.536
13089.249348 -2.563
13184.099445 -2.595
13279.636864 -2.629
13375.866587 -2.664
13472.793630 -2.699
13570.423047 -2.734
13668.759926 -2.770
13767.809395 -2.806
13867.576618 -2.842
13968.066794 -2.879
14069.285164 -2.915
14171.237004 -2.952
14273.927629 -2.990
14377.362393 -3.027
14481.546688 -3.065
14586.485944 -3.103
14692.185634 -3.142
14798.651268 -3.180
14905.888396 -3.219
15013.902607 -3.258
15122.699535 -3.298
15232.284850 -3.338
15342.664265 -3.378
15453.843535 -3.418
15565.828455 -3.459
15678.624865 -3.500
15792.238644 -3.541
15906.675715 -3.585
16021.942044 -3.635
16138.043641 -3.697
16254.986558 -3.765
16372.776891 -3.835
16491.420781 -3.905
16610.924415 -3.976
16731.294020 -4.048
16852.535874 -4.120
16974.656296 -4.193
17097.661653 -4.266
17221.558357 -4.340
17346.352868 -4.414
17472.051691 -4.489
17598.661380 -4.564
17726.188535 -4.640
17854.639805 -4.717
17984.021885 -4.794
18114.341521 -4.871
18245.605507 -4.949
18377.820685 -5.028
18510.993950 -5.107
18645.132243 -5.187
18780.242557 -5.269
18916.331936 -5.361
19053.407475 -5.542