2.500000 5.969
2.518116 5.969
2.536363 5.969
2.554743 5.969
2.573256 5.969
2.591902 5.969
2.610684 5.969
2.629603 5.969
2.648658 5.969
2.667851 5.969
2.687183 5.969
2.706656 5.969
2.726269 5.969
2.746025 5.969
2.765924 5.969
2.785967 5.969
2.806155 5.969
2.826490 5.969
2.846972 5.969
2.867602 5.969
2.888382 5.969
2.909312 5.969
2.930394 5.969
2.951629 5.969
2.973018 5.969
2.994561 5.969
3.016261 5.969
3.038118 5.969
3.060134 5.969
3.082309 5.969
3.104645 5.969
3.127142 5.969
3.149803 5.969
3.172627 5.969
3.195618 5.969
3.218774 5.969
3.242099 5.969
3.265592 5.969
3.289256 5.969
3.313092 5.969
3.337100 5.969
3.361282 5.969
3.385639 5.969
3.410173 5.969
3.434884 5.969
3.459775 5.969
3.484846 5.969
3.510098 5.969
3.535534 5.969
3.561154 5.969
3.586959 5.969
3.612952 5.969
3.639133 5.969
3.665504 5.969
3.692065 5.969
3.718820 5.969
3.745768 5.969
3.772911 5.969
3.800251 5.969
3.827789 5.969
3.855527 5.969
3.883466 5.969
3.911607 5.969
3.939952 5.969
3.968503 5.969
3.997260 5.969
4.026226 5.969
4.055402 5.969
4.084789 5.969
4.114389 5.969
4.144203 5.969
4.174234 5.969
4.204482 5.969
4.234949 5.969
4.265638 5.969
4.296548 5.969
4.327683 5.969
4.359043 5.969
4.390630 5.969
4.422447 5.969
4.454494 5.969
4.486773 5.969
4.519286 5.969
4.552034 5.969
4.585020 5.969
4.618245 5.969
4.651711 5.969
4.685419 5.969
4.719372 5.969
4.753570 5.969
4.788016 5.969
4.822712 5.969
4.857660 5.969
4.892860 5.969
4.928316 5.969
4.964029 5.969
5.000000 5.969
5.036232 5.969
5.072727 5.969
5.109486 5.969
5.146511 5.969
5.183805 5.969
5.221369 5.969
5.259205 5.969
5.297315 5.969
5.335702 5.969
5.374367 5.969
5.413312 5.969
5.452539 5.969
5.492050 5.969
5.531848 5.969
5.571934 5.969
5.612310 5.969
5.652979 5.969
5.693943 5.969
5.735204 5.969
5.776763 5.969
5.818624 5.969
5.860788 5.969
5.903258 5.969
5.946036 5.969
5.989123 5.969
6.032523 5.969
6.076237 5.969
6.120268 5.969
6.164618 5.969
6.209289 5.969
6.254284 5.969
6.299605 5.969
6.345255 5.969
6.391235 5.969
6.437549 5.969
6.484198 5.969
6.531185 5.969
6.578513 5.969
6.626183 5.969
6.674199 5.969
6.722563 5.969
6.771278 5.969
6.820345 5.969
6.869768 5.969
6.919549 5.969
6.969691 5.969
7.020197 5.969
7.071068 5.969
7.122308 5.969
7.173919 5.969
7.225904 5.969
7.278266 5.969
7.331007 5.969
7.384131 5.969
7.437639 5.969
7.491535 5.969
7.545822 5.969
7.600502 5.969
7.655579 5.969
7.711054 5.969
7.766932 5.969
7.823214 5.969
7.879904 5.969
7.937005 5.969
7.994520 5.969
8.052452 5.969
8.110803 5.969
8.169577 5.969
8.228777 5.969
8.288407 5.969
8.348468 5.969
8.408964 5.969
8.469899 5.969
8.531275 5.969
8.593096 5.969
8.655366 5.969
8.718086 5.969
8.781261 5.969
8.844893 5.969
8.908987 5.969
8.973545 5.969
9.038571 5.969
9.104069 5.969
9.170040 5.969
9.236490 5.969
9.303422 5.969
9.370838 5.969
9.438743 5.969
9.507140 5.969
9.576033 5.969
9.645425 5.969
9.715319 5.969
9.785721 5.969
9.856632 5.969
9.928057 5.969
10.000000 5.969
10.072464 5.969
10.145453 5.968
10.218971 5.968
10.293022 5.968
10.367610 5.968
10.442738 5.968
10.518410 5.968
10.594631 5.968
10.671404 5.968
10.748733 5.968
10.826623 5.968
10.905077 5.968
10.984100 5.968
11.063695 5.968
11.143867 5.968
11.224620 5.968
11.305959 5.968
11.387886 5.968
11.470408 5.968
11.553527 5.968
11.637249 5.968
11.721577 5.968
11.806516 5.968
11.892071 5.968
11.978246 5.968
12.065045 5.968
12.152474 5.968
12.240535 5.967
12.329235 5.967
12.418578 5.967
12.508568 5.967
12.599210 5.967
12.690510 5.967
12.782470 5.967
12.875097 5.967
12.968396 5.967
13.062370 5.967
13.157025 5.967
13.252366 5.967
13.348399 5.967
13.445127 5.967
13.542555 5.966
13.640690 5.966
13.739536 5.966
13.839099 5.966
13.939383 5.966
14.040393 5.966
14.142136 5.966
14.244615 5.966
14.347838 5.966
14.451808 5.966
14.556532 5.965
14.662014 5.965
14.768261 5.965
14.875278 5.965
14.983071 5.965
15.091644 5.965
15.201005 5.965
15.311157 5.964
15.422108 5.964
15.533863 5.964
15.646428 5.964
15.759808 5.964
15.874011 5.964
15.989040 5.964
16.104903 5.963
16.221606 5.963
16.339155 5.963
16.457555 5.963
16.576813 5.963
16.696935 5.962
16.817928 5.962
16.939798 5.962
17.062551 5.962
17.186193 5.961
17.310731 5.961
17.436172 5.961
17.562522 5.961
17.689787 5.961
17.817974 5.960
17.947091 5.960
18.077143 5.960
18.208137 5.959
18.340081 5.959
18.472981 5.959
18.606843 5.959
18.741676 5.958
18.877486 5.958
19.014280 5.958
19.152066 5.957
19.290849 5.957
19.430639 5.956
19.571441 5.956
19.713264 5.956
19.856114 5.955
20.000000 5.955
20.144928 5.954
20.290907 5.954
20.437943 5.954
20.586045 5.953
20.735220 5.953
20.885476 5.952
21.036820 5.952
21.189262 5.951
21.342808 5.951
21.497467 5.950
21.653246 5.949
21.810155 5.949
21.968200 5.948
22.127391 5.948
22.287735 5.947
22.449241 5.946
22.611917 5.946
22.775773 5.945
22.940815 5.944
23.107054 5.944
23.274497 5.943
23.443154 5.942
23.613033 5.941
23.784142 5.940
23.956492 5.940
24.130091 5.939
24.304947 5.938
24.481071 5.937
24.658471 5.936
24.837156 5.935
25.017137 5.934
25.198421 5.933
25.381019 5.932
25.564940 5.931
25.750195 5.930
25.936791 5.929
26.124740 5.928
26.314050 5.926
26.504733 5.925
26.696797 5.924
26.890253 5.923
27.085111 5.921
27.281381 5.920
27.479073 5.919
27.678198 5.917
27.878765 5.916
28.080786 5.914
28.284271 5.913
28.489231 5.911
28.695675 5.909
28.903616 5.908
29.113064 5.906
29.324029 5.904
29.536523 5.902
29.750557 5.901
29.966142 5.899
30.183289 5.897
30.402009 5.895
30.622315 5.893
30.844217 5.890
31.067726 5.888
31.292856 5.886
31.519617 5.884
31.748021 5.881
31.978080 5.879
32.209807 5.876
32.443212 5.874
32.678309 5.871
32.915110 5.869
33.153626 5.866
33.393871 5.863
33.635857 5.860
33.879596 5.857
34.125101 5.854
34.372386 5.851
34.621462 5.848
34.872344 5.845
35.125043 5.841
35.379574 5.838
35.635949 5.834
35.894182 5.831
36.154286 5.827
36.416274 5.823
36.680162 5.819
36.945961 5.815
37.213687 5.811
37.483353 5.807
37.754973 5.803
38.028561 5.798
38.304131 5.794
38.581699 5.789
38.861278 5.785
39.142882 5.780
39.426528 5.775
39.712229 5.770
40.000000 5.765
40.289856 5.759
40.581813 5.754
40.875886 5.748
41.172089 5.743
41.470439 5.737
41.770951 5.731
42.073641 5.725
42.378524 5.719
42.685616 5.712
42.994934 5.706
43.306493 5.699
43.620309 5.692
43.936400 5.686
44.254781 5.678
44.575470 5.671
44.898482 5.664
45.223835 5.656
45.551545 5.649
45.881631 5.641
46.214108 5.633
46.548994 5.624
46.886308 5.616
47.226065 5.607
47.568285 5.599
47.912984 5.590
48.260181 5.581
48.609894 5.571
48.962142 5.562
49.316942 5.552
49.674312 5.542
50.034273 5.532
50.396842 5.522
50.762038 5.511
51.129881 5.500
51.500389 5.489
51.873582 5.478
52.249480 5.467
52.628101 5.455
53.009466 5.444
53.393594 5.431
53.780506 5.419
54.170222 5.407
54.562762 5.394
54.958146 5.381
55.356395 5.368
55.757531 5.354
56.161573 5.341
56.568542 5.327
56.978461 5.313
57.391351 5.298
57.807232 5.283
58.226127 5.268
58.648058 5.253
59.073046 5.238
59.501113 5.222
59.932283 5.206
60.366577 5.190
60.804018 5.173
61.244629 5.156
61.688433 5.139
62.135453 5.122
62.585712 5.104
63.039234 5.086
63.496042 5.068
63.956161 5.050
64.419613 5.031
64.886424 5.012
65.356618 4.993
65.830219 4.973
66.307252 4.953
66.787742 4.933
67.271713 4.912
67.759192 4.892
68.250203 4.871
68.744772 4.849
69.242925 4.828
69.744688 4.806
70.250086 4.783
70.759147 4.761
71.271897 4.738
71.788363 4.715
72.308571 4.692
72.832549 4.668
73.360323 4.644
73.891923 4.620
74.427374 4.595
74.966705 4.570
75.509945 4.545
76.057121 4.520
76.608262 4.494
77.163398 4.468
77.722555 4.442
78.285765 4.415
78.853056 4.388
79.424458 4.361
80.000000 4.334
80.579713 4.306
81.163627 4.278
81.751772 4.250
82.344179 4.222
82.940879 4.193
83.541903 4.164
84.147282 4.135
84.757048 4.105
85.371232 4.076
85.989867 4.046
86.612985 4.015
87.240619 3.985
87.872800 3.954
88.509563 3.924
89.150939 3.892
89.796964 3.861
90.447670 3.830
91.103091 3.798
91.763261 3.766
92.428216 3.734
93.097989 3.702
93.772615 3.669
94.452130 3.637
95.136569 3.604
95.825968 3.571
96.520362 3.538
97.219789 3.504
97.924283 3.471
98.633883 3.437
99.348625 3.404
100.068546 3.370
100.793684 3.336
101.524077 3.302
102.259762 3.268
103.000778 3.234
103.747164 3.199
104.498959 3.165
105.256202 3.130
106.018931 3.096
106.787188 3.061
107.561012 3.027
108.340444 2.992
109.125523 2.957
109.916292 2.923
110.712791 2.888
111.515061 2.853
112.323145 2.819
113.137085 2.784
113.956923 2.749
114.782702 2.715
115.614465 2.680
116.452255 2.645
117.296116 2.611
118.146092 2.576
119.002227 2.542
119.864566 2.508
120.733154 2.473
121.608036 2.439
122.489258 2.405
123.376866 2.371
124.270906 2.337
125.171424 2.304
126.078468 2.270
126.992084 2.237
127.912321 2.204
128.839227 2.171
129.772849 2.138
130.713236 2.105
131.660438 2.072
132.614504 2.040
133.575483 2.008
134.543426 1.976
135.518384 1.944
136.500406 1.912
137.489544 1.881
138.485850 1.850
139.489375 1.819
140.500173 1.788
141.518295 1.758
142.543795 1.728
143.576726 1.698
144.617142 1.668
145.665098 1.638
146.720647 1.609
147.783845 1.580
148.854748 1.552
149.933411 1.524
151.019890 1.496
152.114242 1.468
153.216525 1.440
154.326795 1.413
155.445111 1.386
156.571530 1.360
157.706112 1.334
158.848915 1.308
160.000000 1.282
161.159426 1.257
162.327254 1.232
163.503544 1.207
164.688358 1.183
165.881758 1.159
167.083805 1.135
168.294563 1.112
169.514095 1.088
170.742464 1.066
171.979734 1.043
173.225970 1.021
174.481237 0.999
175.745600 0.978
177.019125 0.957
178.301879 0.936
179.593928 0.916
180.895339 0.895
182.206182 0.876
183.526523 0.856
184.856431 0.837
186.195977 0.818
187.545230 0.799
188.904260 0.781
190.273138 0.763
191.651936 0.745
193.040725 0.728
194.439578 0.711
195.848567 0.694
197.267766 0.678
198.697250 0.662
200.137092 0.646
201.587368 0.631
203.048153 0.615
204.519524 0.600
206.001557 0.586
207.494329 0.571
208.997918 0.557
210.512403 0.543
212.037863 0.530
213.574377 0.517
215.122025 0.504
216.680888 0.491
218.251047 0.478
219.832584 0.466
221.425581 0.454
223.030122 0.442
224.646290 0.431
226.274170 0.420
227.913846 0.409
229.565404 0.398
231.228929 0.387
232.904509 0.377
234.592231 0.367
236.292183 0.357
238.004454 0.348
239.729132 0.338
241.466308 0.329
243.216073 0.320
244.978517 0.311
246.753732 0.303
248.541811 0.294
250.342848 0.286
252.156935 0.278
253.984168 0.270
255.824642 0.263
257.678453 0.255
259.545697 0.248
261.426473 0.241
263.320877 0.234
265.229008 0.227
267.150967 0.220
269.086853 0.214
271.036767 0.208
273.000811 0.202
274.979088 0.196
276.971700 0.190
278.978751 0.184
281.000346 0.179
283.036590 0.173
285.087590 0.168
287.153452 0.163
289.234284 0.158
291.330195 0.153
293.441294 0.148
295.567690 0.144
297.709496 0.139
299.866821 0.135
302.039780 0.130
304.228485 0.126
306.433050 0.122
308.653590 0.118
310.890221 0.114
313.143060 0.111
315.412224 0.107
317.697831 0.104
320.000000 0.100
322.318852 0.097
324.654507 0.094
327.007088 0.090
329.376716 0.087
331.763515 0.084
334.167610 0.082
336.589127 0.079
339.028190 0.076
341.484928 0.073
343.959469 0.071
346.451941 0.068
348.962474 0.066
351.491200 0.063
354.038251 0.061
356.603758 0.059
359.187855 0.057
361.790679 0.055
364.412363 0.053
367.053045 0.051
369.712863 0.049
372.391955 0.047
375.090460 0.045
377.808521 0.043
380.546277 0.042
383.303872 0.040
386.081450 0.039
388.879155 0.037
391.697134 0.036
394.535533 0.034
397.394500 0.033
400.274184 0.032
403.174736 0.030
406.096306 0.029
409.039048 0.028
412.003113 0.027
414.988657 0.026
417.995836 0.025
421.024807 0.023
424.075726 0.022
427.148753 0.022
430.244049 0.021
433.361775 0.020
436.502093 0.019
439.665167 0.018
442.851162 0.017
446.060244 0.016
449.292581 0.016
452.548340 0.015
455.827692 0.014
459.130807 0.014
462.457858 0.013
465.809019 0.012
469.184463 0.012
472.584367 0.011
476.008908 0.011
479.458265 0.010
482.932617 0.010
486.432146 0.009
489.957033 0.009
493.507464 0.008
497.083623 0.008
500.685695 0.008
504.313870 0.007
507.968337 0.007
511.649285 0.007
515.356906 0.006
519.091395 0.006
522.852945 0.006
526.641753 0.005
530.458016 0.005
534.301934 0.005
538.173706 0.005
542.073534 0.004
546.001623 0.004
549.958175 0.004
553.943399 0.004
557.957501 0.003
562.000691 0.003
566.073180 0.003
570.175180 0.003
574.306904 0.003
578.468569 0.003
582.660390 0.002
586.882588 0.002
591.135381 0.002
595.418991 0.002
599.733643 0.002
604.079560 0.002
608.456970 0.002
612.866100 0.002
617.307180 0.001
621.780442 0.001
626.286120 0.001
630.824447 0.001
635.395661 0.001
640.000000 0.001
644.637704 0.001
649.309014 0.001
654.014175 0.001
658.753431 0.001
663.527030 0.001
668.335221 0.001
673.178253 0.000
678.056380 0.000
682.969856 0.000
687.918938 0.000
692.903882 0.000
697.924949 0.000
702.982401 0.000
708.076501 0.000
713.207515 0.000
718.375711 0.000
723.581357 0.000
728.824726 0.000
734.106091 0.000
739.425726 0.000
744.783910 -0.000
750.180921 -0.000
755.617041 -0.000
761.092554 -0.000
766.607744 -0.001
772.162900 -0.001
777.758310 -0.001
783.394268 -0.001
789.071066 -0.001
794.789000 -0.001
800.548368 -0.001
806.349472 -0.001
812.192613 -0.001
818.078095 -0.001
824.006226 -0.001
829.977315 -0.001
835.991673 -0.001
842.049613 -0.001
848.151452 -0.001
854.297507 -0.001
860.488099 -0.001
866.723550 -0.002
873.004186 -0.002
879.330334 -0.002
885.702324 -0.002
892.120489 -0.002
898.585161 -0.002
905.096680 -0.002
911.655384 -0.002
918.261614 -0.002
924.915716 -0.002
931.618037 -0.002
938.368925 -0.002
945.168733 -0.003
952.017816 -0.003
958.916529 -0.003
965.865234 -0.003
972.864291 -0.003
979.914067 -0.003
987.014928 -0.003
994.167245 -0.004
1001.371391 -0.004
1008.627741 -0.004
1015.936673 -0.004
1023.298569 -0.004
1030.713812 -0.004
1038.182790 -0.005
1045.705890 -0.005
1053.283506 -0.005
1060.916032 -0.005
1068.603867 -0.006
1076.347412 -0.006
1084.147069 -0.006
1092.003245 -0.006
1099.916351 -0.007
1107.886798 -0.007
1115.915003 -0.007
1124.001383 -0.008
1132.146360 -0.008
1140.350359 -0.008
1148.613808 -0.009
1156.937137 -0.009
1165.320781 -0.010
1173.765175 -0.010
1182.270762 -0.011
1190.837983 -0.011
1199.467286 -0.012
1208.159120 -0.012
1216.913939 -0.013
1225.732199 -0.013
1234.614360 -0.014
1243.560885 -0.015
1252.572239 -0.015
1261.648894 -0.016
1270.791322 -0.017
1280.000000 -0.018
1289.275408 -0.019
1298.618029 -0.019
1308.028350 -0.020
1317.506863 -0.021
1327.054061 -0.022
1336.670442 -0.023
1346.356507 -0.024
1356.112761 -0.026
1365.939713 -0.027
1375.837875 -0.028
1385.807763 -0.029
1395.849898 -0.031
1405.964802 -0.032
1416.153002 -0.034
1426.415031 -0.035
1436.751422 -0.037
1447.162715 -0.038
1457.649452 -0.040
1468.212181 -0.042
1478.851452 -0.044
1489.567819 -0.046
1500.361842 -0.048
1511.234082 -0.050
1522.185107 -0.052
1533.215488 -0.054
1544.325799 -0.057
1555.516621 -0.059
1566.788535 -0.062
1578.142131 -0.064
1589.577999 -0.067
1601.096737 -0.070
1612.698944 -0.073
1624.385225 -0.076
1636.156190 -0.079
1648.012452 -0.082
1659.954630 -0.085
1671.983345 -0.089
1684.099226 -0.092
1696.302903 -0.096
1708.595013 -0.099
1720.976197 -0.103
1733.447100 -0.107
1746.008372 -0.111
1758.660669 -0.115
1771.404649 -0.120
1784.240977 -0.124
1797.170323 -0.129
1810.193360 -0.133
1823.310767 -0.138
1836.523229 -0.143
1849.831433 -0.148
1863.236074 -0.153
1876.737851 -0.158
1890.337467 -0.163
1904.035631 -0.169
1917.833058 -0.174
1931.730467 -0.180
1945.728583 -0.186
1959.828134 -0.191
1974.029857 -0.197
1988.334491 -0.203
2002.742782 -0.210
2017.255482 -0.216
2031.873347 -0.222
2046.597138 -0.229
2061.427625 -0.235
2076.365579 -0.242
2091.411780 -0.249
2106.567012 -0.255
2121.832065 -0.262
2137.207735 -0.269
2152.694823 -0.276
2168.294137 -0.284
2184.006490 -0.291
2199.832702 -0.298
2215.773596 -0.306
2231.830005 -0.313
2248.002765 -0.321
2264.292720 -0.328
2280.700718 -0.336
2297.227616 -0.344
2313.874274 -0.352
2330.641561 -0.359
2347.530351 -0.367
2364.541523 -0.375
2381.675966 -0.383
2398.934572 -0.392
2416.318240 -0.400
2433.827878 -0.408
2451.464399 -0.416
2469.228720 -0.425
2487.121769 -0.433
2505.144479 -0.441
2523.297789 -0.450
2541.582644 -0.458
2560.000000 -0.467
2578.550815 -0.476
2597.236057 -0.484
2616.056701 -0.493
2635.013726 -0.502
2654.108121 -0.510
2673.340883 -0.519
2692.713013 -0.528
2712.225522 -0.537
2731.879426 -0.545
2751.675750 -0.554
2771.615527 -0.563
2791.699796 -0.572
2811.929603 -0.581
2832.306004 -0.590
2852.830061 -0.599
2873.502844 -0.608
2894.325430 -0.617
2915.298905 -0.626
2936.424363 -0.635
2957.702904 -0.644
2979.135638 -0.653
3000.723683 -0.663
3022.468164 -0.672
3044.370214 -0.681
3066.430976 -0.690
3088.651599 -0.699
3111.033242 -0.708
3133.577071 -0.718
3156.284262 -0.727
3179.155999 -0.736
3202.193474 -0.745
3225.397888 -0.754
3248.770450 -0.764
3272.312380 -0.773
3296.024905 -0.782
3319.909260 -0.792
3343.966691 -0.801
3368.198452 -0.810
3392.605806 -0.819
3417.190027 -0.829
3441.952394 -0.838
3466.894200 -0.847
3492.016745 -0.857
3517.321337 -0.866
3542.809298 -0.875
3568.481954 -0.885
3594.340646 -0.894
3620.386720 -0.903
3646.621534 -0.913
3673.046457 -0.922
3699.662866 -0.932
3726.472148 -0.941
3753.475701 -0.950
3780.674934 -0.960
3808.071263 -0.969
3835.666117 -0.978
3863.460935 -0.988
3891.457165 -0.997
3919.656268 -1.007
3948.059713 -1.016
3976.668981 -1.025
4005.485564 -1.035
4034.510963 -1.044
4063.746693 -1.054
4093.194277 -1.063
4122.855250 -1.072
4152.731158 -1.082
4182.823560 -1.091
4213.134024 -1.101
4243.664130 -1.110
4274.415470 -1.120
4305.389646 -1.129
4336.588274 -1.138
4368.012981 -1.148
4399.665403 -1.157
4431.547192 -1.167
4463.660010 -1.176
4496.005531 -1.186
4528.585440 -1.195
4561.401437 -1.204
4594.455232 -1.214
4627.748549 -1.223
4661.283122 -1.233
4695.060701 -1.242
4729.083046 -1.252
4763.351932 -1.261
4797.869143 -1.271
4832.636481 -1.280
4867.655757 -1.289
4902.928797 -1.299
4938.457440 -1.308
4974.243539 -1.318
5010.288958 -1.327
5046.595577 -1.337
5083.165289 -1.346
5120.000000 -1.356
5157.101631 -1.365
5194.472115 -1.374
5232.113401 -1.384
5270.027452 -1.393
5308.216243 -1.403
5346.681766 -1.412
5385.426026 -1.422
5424.451043 -1.431
5463.758851 -1.441
5503.351500 -1.450
5543.231054 -1.459
5583.399591 -1.469
5623.859206 -1.478
5664.612008 -1.488
5705.660122 -1.497
5747.005687 -1.507
5788.650860 -1.516
5830.597810 -1.526
5872.848725 -1.535
5915.405808 -1.545
5958.271277 -1.554
6001.447367 -1.563
6044.936328 -1.573
6088.740429 -1.582
6132.861952 -1.592
6177.303198 -1.601
6222.066483 -1.611
6267.154142 -1.620
6312.568524 -1.630
6358.311998 -1.639
6404.386948 -1.649
6450.795775 -1.658
6497.540901 -1.668
6544.624761 -1.677
6592.049809 -1.686
6639.818520 -1.696
6687.933382 -1.705
6736.396904 -1.715
6785.211613 -1.724
6834.380053 -1.734
6883.904789 -1.743
6933.788400 -1.753
6984.033489 -1.762
7034.642675 -1.772
7085.618596 -1.781
7136.963909 -1.791
7188.681291 -1.800
7240.773439 -1.809
7293.243069 -1.819
7346.092914 -1.828
7399.325732 -1.838
7452.944296 -1.847
7506.951403 -1.857
7561.349867 -1.866
7616.142525 -1.876
7671.332234 -1.885
7726.921869 -1.895
7782.914330 -1.904
7839.312536 -1.914
7896.119426 -1.923
7953.337962 -1.932
8010.971128 -1.942
8069.021927 -1.951
8127.493386 -1.961
8186.388553 -1.970
8245.710500 -1.980
8305.462317 -1.989
8365.647121 -1.999
8426.268048 -2.008
8487.328260 -2.018
8548.830939 -2.027
8610.779292 -2.037
8673.176549 -2.046
8736.025961 -2.056
8799.330806 -2.065
8863.094385 -2.074
8927.320020 -2.084
8992.011061 -2.093
9057.170880 -2.103
9122.802874 -2.112
9188.910464 -2.122
9255.497097 -2.131
9322.566244 -2.141
9390.121402 -2.150
9458.166093 -2.160
9526.703863 -2.169
9595.738287 -2.178
9665.272962 -2.188
9735.311514 -2.197
9805.857594 -2.207
9876.914881 -2.216
9948.487077 -2.226
10020.577916 -2.235
10093.191154 -2.245
10166.330578 -2.254
10240.000000 -2.264
10314.203261 -2.273
10388.944230 -2.282
10464.226802 -2.292
10540.054903 -2.301
10616.432486 -2.311
10693.363532 -2.320
10770.852052 -2.330
10848.902086 -2.339
10927.517703 -2.349
11006.703001 -2.358
11086.462108 -2.367
11166.799182 -2.377
11247.718413 -2.386
11329.224017 -2.396
11411.320244 -2.405
11494.011375 -2.414
11577.301719 -2.424
11661.195620 -2.433
11745.697450 -2.443
11830.811616 -2.452
11916.542554 -2.461
12002.894734 -2.471
12089.872657 -2.480
12177.480858 -2.489
12265.723904 -2.499
12354.606395 -2.508
12444.132966 -2.517
12534.308283 -2.527
12625.137048 -2.536
12716.623996 -2.545
12808.773895 -2.555
12901.591551 -2.564
12995.081802 -2.573
13089.249521 -2.583
13184.099619 -2.592
13279.637040 -2.601
13375.866764 -2.610
13472.793808 -2.619
13570.423226 -2.629
13668.760107 -2.638
13767.809577 -2.647
13867.576801 -2.656
13968.066979 -2.665
14069.285350 -2.674
14171.237191 -2.683
14273.927818 -2.693
14377.362583 -2.702
14481.546879 -2.711
14586.486137 -2.720
14692.185828 -2.729
14798.651463 -2.737
14905.888592 -2.746
15013.902806 -2.755
15122.699734 -2.764
15232.285051 -2.773
15342.664467 -2.782
15453.843739 -2.790
15565.828661 -2.799
15678.625072 -2.808
15792.238852 -2.816
15906.675925 -2.825
16021.942256 -2.833
16138.043854 -2.842
16254.986772 -2.850
16372.777107 -2.858
16491.420999 -2.867
16610.924634 -2.875
16731.294241 -2.883
16852.536096 -2.891
16974.656520 -2.899
17097.661878 -2.907
17221.558584 -2.915
17346.353097 -2.923
17472.051922 -2.931
17598.661613 -2.938
17726.188769 -2.946
17854.640040 -2.953
17984.022122 -2.961
18114.341760 -2.968
18245.605748 -2.975
18377.820928 -2.982
18510.994194 -2.989
18645.132489 -2.996
18780.242805 -3.002
18916.332186 -3.009
19053.407727 -3.016
19191.476573 -3.022
19330.545924 -3.028
19470.623028 -3.034
19611.715189 -3.040
19753.829761 -3.046
19896.974155 -3.051
20041.155832 -3.057
20186.382308 -3.062
20332.661156 -3.067
20480.000000 -3.072
20628.406522 -3.077
20777.888460 -3.081
20928.453604 -3.086
21080.109806 -3.090
21232.864972 -3.094
21386.727064 -3.098
21541.704105 -3.101
21697.804172 -3.105
21855.035406 -3.108
22013.406002 -3.111
22172.924216 -3.114
22333.598365 -3.116
22495.436825 -3.119
22658.448034 -3.121
22822.640488 -3.123
22988.022749 -3.124
23154.603438 -3.126
23322.391240 -3.127
23491.394901 -3.128
23661.623232 -3.129
23833.085108 -3.129
24005.789467 -3.129
