2.65  10.586,
                            2.80  10.586,
                            3.00  10.586,
                            3.15  10.585,
                            3.35  10.585,
                            3.55  10.584,
                            3.75  10.583,
                            4.00  10.580,
                            4.25  10.577,
                            4.50  10.573,
                            4.75  10.567,
                            5.00  10.560,
                            5.30  10.550,
                            5.60  10.538,
                            6.00  10.517,
                            6.30  10.498,
                            6.70  10.467,
                            7.10  10.431,
                            7.50  10.390,
                            8.00  10.330,
                            8.50  10.262,
                            9.00  10.186,
                            9.50  10.102,
                            10.00 10.012,
                            10.60 9.896,
                            11.20 9.774,
                            11.80 9.648,
                            12.50 9.496,
                            13.20 9.341,
                            14.00 9.163,
                            15.00 8.940,
                            16.00 8.722,
                            17.00 8.510,
                            18.00 8.306,
                            19.00 8.109,
                            20.00 7.918,
                            21.20 7.693,
                            22.40 7.478,
                            23.60 7.273,
                            25.00 7.049,
                            26.50 6.824,
                            28.00 6.612,
                            30.00 6.349,
                            31.50 6.163,
                            33.50 5.929,
                            35.50 5.709,
                            37.50 5.501,
                            40.00 5.257,
                            42.50 5.027,
                            45.00 4.811,
                            47.50 4.606,
                            50.00 4.412,
                            53.00 4.192,
                            56.00 3.985,
                            60.00 3.727,
                            63.00 3.546,
                            67.00 3.322,
                            71.00 3.115,
                            75.00 2.924,
                            80.00 2.708,
                            85.00 2.514,
                            90.00 2.340,
                            95.00 2.187,
                            100 2.051,
                            106 1.909,
                            112 1.787,
                            118 1.683,
                            125 1.580,
                            132 1.493,
                            140 1.409,
                            150 1.323,
                            160 1.250,
                            170 1.187,
                            180 1.130,
                            190 1.078,
                            200 1.031,
                            212 0.985,
                            224 0.943,
                            236 0.901,
                            250 0.853,
                            265 0.802,
                            280 0.752,
                            300 0.688,
                            315 0.642,
                            335 0.582,
                            355 0.524,
                            375 0.470,
                            400 0.405,
                            425 0.344,
                            450 0.287,
                            475 0.233,
                            500 0.183,
                            530 0.128,
                            560 0.080,
                            600 0.028,
                            630 -0.001,
                            670 -0.028,
                            710 -0.043,
                            750 -0.051,
                            800 -0.056,
                            850 -0.058,
                            900 -0.058,
                            950 -0.058,
                            1000  -0.056,
                            1060  -0.050,
                            1120  -0.042,
                            1180  -0.035,
                            1250  -0.027,
                            1320  -0.019,
                            1400  -0.011,
                            1500  -0.001,
                            1600  0.009,
                            1700  0.017,
                            1800  0.026,
                            1900  0.033,
                            2000  0.041,
                            2120  0.049,
                            2240  0.057,
                            2360  0.065,
                            2500  0.073,
                            2650  0.081,
                            2800  0.089,
                            3000  0.098,
                            3150  0.104,
                            3350  0.109,
                            3550  0.109,
                            3750  0.104,
                            4000  0.087,
                            4250  0.060,
                            4500  0.025,
                            4750  -0.014,
                            5000  -0.054,
                            5300  -0.102,
                            5600  -0.149,
                            6000  -0.208,
                            6300  -0.250,
                            6700  -0.303,
                            7100  -0.353,
                            7500  -0.401,
                            8000  -0.457,
                            8500  -0.509,
                            9000  -0.558,
                            9500  -0.605,
                            10000 -0.650,
                            10600 -0.700,
                            11200 -0.748,
                            11800 -0.793,
                            12500 -0.843,
                            13200 -0.890,
                            14000 -0.941,
                            15000 -1.001,
                            16000 -1.056,
                            17000 -1.108,
                            18000 -1.156,
                            19000 -1.200,
                            20000 -1.238,
                            21200 -1.274,
                            22400 -1.297,
                            23600 -1.300